,data/cven_00_02286_84473_617520.wav,data/cven_03_26059_84473_17388318.wav,data/cven_05_14026_84473_17255724.wav,data/cven_06_31405_84473_97708.wav,data/cven_07_27838_84473_566483.wav,data/cven_08_19497_84473_17246733.wav,data/cven_09_26764_84473_17637624.wav,data/cven_10_19680_84473_665433.wav,data/cven_17_17551_84473_512103.wav
data/cven_00_02286_84473_617520.wav,0.0,0.6539315927380527,0.3947430267086318,0.32069237548229834,0.4880016506095156,0.3422151580308168,0.4786879258785913,0.3381430395868025,0.8402563005092503
data/cven_03_26059_84473_17388318.wav,0.6539315927380527,0.0,0.6746134693083229,0.5082266308815153,0.5705261069865615,0.592362739522948,0.5634447624713115,0.294310434643568,0.6206465100989217
data/cven_05_14026_84473_17255724.wav,0.3947430267086318,0.6746134693083229,0.0,0.7760272168949112,0.6853666811362853,0.9055118525285228,0.6852040983501895,0.38682062410202933,0.444565084849067
data/cven_06_31405_84473_97708.wav,0.32069237548229834,0.5082266308815153,0.7760272168949112,0.0,0.7900726850777582,0.8604685093194286,0.7965718502397586,0.5552985239222881,0.4213449002047033
data/cven_07_27838_84473_566483.wav,0.4880016506095156,0.5705261069865615,0.6853666811362853,0.7900726850777582,0.0,0.7165385278981764,0.9906846596427515,0.6951661720407463,0.6117873017911535
data/cven_08_19497_84473_17246733.wav,0.3422151580308168,0.592362739522948,0.9055118525285228,0.8604685093194286,0.7165385278981764,0.0,0.7191247391159044,0.4366616131184611,0.4128353821871811
data/cven_09_26764_84473_17637624.wav,0.4786879258785913,0.5634447624713115,0.6852040983501895,0.7965718502397586,0.9906846596427515,0.7191247391159044,0.0,0.6976791168515393,0.6027453958228249
data/cven_10_19680_84473_665433.wav,0.3381430395868025,0.294310434643568,0.38682062410202933,0.5552985239222881,0.6951661720407463,0.4366616131184611,0.6976791168515393,0.0,0.49641108051353233
data/cven_17_17551_84473_512103.wav,0.8402563005092503,0.6206465100989217,0.444565084849067,0.4213449002047033,0.6117873017911535,0.4128353821871811,0.6027453958228249,0.49641108051353233,0.0
